Forkert stregkode;Korrekt stregkode;Vælg farve;Alternativ farve
5710441288190;5710441350521;0;0
5710441288206;5710441350545;0;0
5710441288213;5710441350552;0;0
5710441315735;5710441350590;0;0
5710441288282;5710441350569;0;0
5710441288299;5710441350583;0;0
5710441288305;5710441350408;0;0
5710441315971;5710441350439;0;0
5710441288312;5710441350415;0;0
5710441288329;5710441350422;0;0
5710441288336;5710441350446;0;0
5710441316091;5710441350477;0;0
5710441288220;5710441350453;0;0
5710441288237;5710441350460;0;0
5710441288244;5710441350484;0;0
5710441315810;5710441350491;0;0
5710441288251;5710441350507;0;0
5710441288268;5710441350514;0;0
5710441288275;5710441350538;0;0
5710441315933;5710441350576;0;0
5610441290608;5710441350613;0;0
5610441290615;5710441350620;0;0
5610441290622;5710441350637;0;0
5710441330080;5710441350606;0;0
5710441288046;5710441350736;0;0
5710441288053;5710441350750;0;0
5710441288060;5710441350644;0;0
5710441329480;5710441350675;0;0
5710441288169;5710441350651;0;0
5710441288176;5710441350668;0;0
5710441288183;5710441350682;0;0
5710441329497;5710441350699;0;0
5710441288138;5710441350705;0;0
5710441288145;5710441350712;0;0
5710441288152;5710441350729;0;0
5710441329503;5710441350743;0;0
5610441290578;5710441350859;0;0
5610441290585;5710441350866;0;0
5610441290592;5710441350873;0;0
5710441329510;5710441350842;0;0
5710441288107;5710441350781;0;0
5710441288114;5710441350804;0;0
5710441288121;5710441350828;0;0
5710441329527;5710441350767;0;0
5710441288077;5710441350798;0;0
5710441288084;5710441350811;0;0
5710441288091;5710441350835;0;0
5710441329534;5710441350774;0;0
5710441340683;5710441350965;0;0
5710441340713;5710441351016;0;0
5710441340744;5710441351061;0;0
5710441340812;5710441351115;0;0
5710441340768;5710441350989;0;0
5710441340799;5710441351030;0;0
5710441340508;5710441351085;0;0
5710441340539;5710441351139;0;0
5710441340515;5710441350996;0;0
5710441340522;5710441351047;0;0
5710441340560;5710441351092;0;0
5710441340614;5710441351146;0;0
5710441340645;5710441351009;0;0
5710441340676;5710441351054;0;0
5710441340706;5710441351108;0;0
5710441340775;5710441351153;0;0
5710441340959;5710441350972;0;0
5710441340966;5710441351023;0;0
5710441340973;5710441351078;0;0
5710441340942;5710441351122;0;0
5710441340843;5710441350880;0;0
5710441340867;5710441350903;0;0
5710441340881;5710441350927;0;0
5710441340829;5710441350941;0;0
5710441340850;5710441350897;0;0
5710441340874;5710441350910;0;0
5710441340898;5710441350934;0;0
5710441340836;5710441350958;0;0
